

MCU:MEM:DATALIST

TLH:3	0
TLC:3	27
TDL:3	22
TDLSPMIN:3	16
TDLSPMAX:3	28
TDLMAX:3	30
DTLR:3	2
DTLT:3	4
DTP:3	1.6
DTI:3	8
MODE:3	2
PDMIN:3	0.094
DLH:3	0
DLC:3	397
IDL:3	650
IDLSPMIN:3	0
IDLSPMAX:3	850
IDLMAX:3	850
DCILR:3	10
DCILT:3	4
DCP:3	0.52
DCI:3	1
LLSP:3	1.017
LLSPMIN:3	0
LLSPMAX:3	2.5
LLMAX:3	2.5
LLLR:3	0.2
LLLT:3	4
LLP:3	0.016
LLI:3	1
MODE:4	3
PDMIN:4	0
DLH:4	0
DLC:4	603
IDL:4	3000
IDLSPMIN:4	0
IDLSPMAX:4	10000
IDLMAX:4	10200
DCILR:4	250
DCIRR:4	1000
LLSP:4	1
LLSPMIN:4	0
LLSPMAX:4	2.5
LLMAX:4	2.5
LLLR:4	0.2
LLLT:4	4
LLP:4	0.1
LLI:4	2
PD4UVP	1.399994
PD4OVP	2.30999
PD4POLY0	2.569742
PD4POLY1	1E-05
PD4POLY2	0
LLSP:5	2.14
LLSPMIN:5	0
LLSPMAX:5	2.5
LLMAX:5	2.5
LLLR:5	0.2
LLLT:5	4
LLP:5	0.1
LLI:5	0.1
PD5POLY0	7.519327
PD5POLY1	1E-05
PD5POLY2	0
ON	4
STP1FITTED	1
STP2FITTED	1
PD4	1
SN	2298
CV	5
WARMUP	30
HBR	10
BTMIN	15
BTMAX	32
AOMAUTOTUNE	1
AOMFON	1
AOMFEXTMODE	1
AOMFVMODE	0
AOMTON	1
AOMTEXTMODE	1
AOMTVMODE	0
AOMFRF	94.440002
AOMTRF	106.584999
AOMFRFP	33
AOMTRFP	32.5
AOMFT	100
AOMTT	100
AOMFUSBCTRL	0
AOMTUSBCTRL	0
AOMTUSERFLUT	1
ALIGNP	500
ALIGNFIXEDP	300
ALIGNW	1000
SHUTTERNUM	2
PROMPT	1
ECHO	1
EOT	0
HEADHRS	2191.917725


BULK:MEM:DATALIST

LBOHR	23.044161
LBOLC	1
TLBO	60
TLBOSPMIN	40
TLBOSPMAX	85
TLBOMAX	90
LBOTLR	2
LBOTLT	30
LBOTP	-30
LBOTI	-1
STAGELH	0.079684
STAGELC	209
STAGEPOS	32226
STAGESPMIN	0
STAGESPMAX	65525
STAGEMAX	65535
STAGELR	200
STAGELT	0.5
STAGEP	0.01
STAGEI	7
PLOCKLH	5.739975
PLOCKLC	58
PLOCKSP	41311
PLOCKSPMIN	0
PLOCKSPMAX	65525
PLOCKMAX	65535
PLOCKLR	65535
PLOCKLT	2
PLOCKLF	20
PLOCKP	-0.001
PLOCKI	-0.2
STAGECALREF	7540
STAGESGGAIN	63
MAXPFLSTEP	200
MAXPCRANGE	8000
MAXPCSTEP	100
MAXPFRANGE	2000
MAXPFSTEP	30
MAXPPC	95
MAXPDELAY	10
NOISEFLOOR	3000
STP2PARKON	0
STP2PARK	1000
STP2POS	1542
STP2STEP	200
STP2TSMIN	0
STP2TSMAX	500
AUTOTUNE	1
GDDCURVE	-1
GDD	1228
STP1SPOT	10
STP1POS	13000
STP1STEP	10
STP1SPOTLT	750
SHGSPOTIDX	6
SHGSPOTLT	500
STP1OFFSET	0
STAGEOFFSET	-3375
P3OFFSET	0
P4OFFSET	0
PX	28000
PY	28000
CX	32000
CY	32000
WV	920
TMIN	660
TMAX	1320


SEED:MEM:DATALIST

MOD1SN	1035
TLH:1	1.036069
TLC:1	26
TDL:1	18
TDLSPMIN:1	16
TDLSPMAX:1	28
TDLMAX:1	30
DTLR:1	2
DTLT:1	4
DTP:1	1.6
DTI:1	8
MODE:1	2
DLH:1	0.842153
DLC:1	410
IDL:1	145
IDLSPMIN:1	0
IDLSPMAX:1	200
IDLMAX:1	200
DCLR:1	10
DCLT:1	4
DCP:1	0.52
DCI:1	1
LLSP:1	1.6558
LLSPMIN:1	0
LLSPMAX:1	2.5
LLMAX:1	2.5
LLLR:1	0.2
LLLT:1	4
LLP:1	0.016
LLI:1	0.2
PD1UVP	1.41346
PD1OVP	1.912346
PD1GAIN	1.733886
TLH:2	1.036069
TLC:2	26
TDL:2	18
TDLSPMIN:2	16
TDLSPMAX:2	28
TDLMAX:2	30
DTLR:2	2
DTLT:2	4
DTP:2	1.6
DTI:2	8
MODE:2	2
PDMIN:2	0.03145
DLH:2	0.235878
DLC:2	399
IDL:2	670
IDLSPMIN:2	0
IDLSPMAX:2	870
IDLMAX:2	870
DCLR:2	10
DCLT:2	4
DCP:2	0.052
DCI:2	1
LLSP:2	1.72
LLSPMIN:2	0
LLSPMAX:2	2.5
LLMAX:2	2.5
LLLR:2	0.2
LLLT:2	4
LLP:2	0.016
LLI:2	0.5
D1DIP	1
D1DIPSP	126


STP1SPOTLIST

1	0	0
2	0	0
3	99.266	0
4	0.086	0
5	52.778	1
6	0.086	1
7	755.868	0
8	752.612	0
9	752.084	0
10	233.997	1
11	0.086	1
12	0.083	1
13	0.086	1
14	0.086	1
15	0.283	1
16	0.086	1
17	0.083	1
18	0.086	1
19	0.083	1
20	0.086	1
21	0.089	1
22	0.086	1
23	0.083	1
24	0.086	1
25	0.089	1
26	0.083	1
27	0.083	1
28	0.086	1
29	0.083	1
30	0.083	1
31	0.086	1
32	0.086	1
33	0.083	1
34	0	0
35	0	0
36	0	0
37	0	0
38	0	0
39	0	0


SHGSPOTLIST

1	130.498	0	5000
2	556.909	0	5200
3	508.061	0	5400
4	502.765	0	5600
5	507.125	0	5800
6	435.759	1	6000
7	0.014	1	6200
8	0.014	1	6400
9	0.014	1	6600
10	0.014	1	6800
11	0.014	1	7000
12	0.014	1	7200
13	0.014	1	7400
14	0.011	1	7600
15	0.011	1	7800
16	0.014	1	8000
17	0.014	1	8200
18	0.014	1	8400
19	0.014	1	8600
20	0.014	1	8800
21	0.014	1	9000
22	0.014	1	9200
23	0.014	1	9400
24	0.014	1	9600
25	0.014	1	9800
26	0.011	1	10000
27	0.011	1	10200
28	0.011	1	10400
29	0.014	1	10600
30	0.014	1	10800
31	0.014	1	11000
32	0.014	1	11200
33	0.014	1	11400
34	0.014	1	11600
35	0.014	1	11800
36	0.014	1	12000
37	0.014	1	12200
38	0.014	1	12400
39	0	0	12600
40	0	0	12800


CAVLUT_ALL

650	38334	1233	3182	864	14370
660	40217	1893	4924	756	2916
670	38880	2139	5978	968	3868
680	38020	3151	9624	1610	6440
690	37169	3996	13473	1980	8452
700	36416	4623	17620	2310	10701
710	35801	5305	23379	2630	13041
720	35320	5692	28343	2890	15657
730	35186	5969	32645	3080	17729
740	35288	6110	36093	3160	19258
750	35532	5958	36955	3130	19967
760	35486	5829	37140	3240	21790
770	35383	5761	37868	3250	23003
780	35254	5892	39916	3350	24726
790	35220	5905	41043	3350	25415
800	35365	5712	40513	3270	25113
810	35358	5678	41489	3290	25804
820	35204	5685	42634	3200	25768
830	35174	5599	43226	3140	25963
840	35313	5507	43794	3130	26689
850	35544	5495	45581	3150	27507
860	35554	5320	45283	3070	27145
870	35408	5237	46217	3060	27595
880	35477	5244	47334	3080	28596
890	35700	5254	49382	3080	28909
900	35627	5120	49631	3030	28472
910	35518	5166	50528	3070	29261
920	35601	5343	52799	3150	34516
930	35772	5358	53288	3060	32584
940	35748	4996	50412	2810	27290
950	35731	4751	47694	2780	24560
960	35764	4736	46282	2850	24482
970	35896	4659	43869	2820	23096
980	35964	4446	39671	2730	20861
990	36000	4381	36528	2650	18347
1000	36125	4337	32691	2620	16366
1010	36283	4311	28182	2600	14342
1020	36315	4187	22678	2550	12695
1030	36286	4240	19486	2490	10580
1040	36385	4186	17875	2480	10169
1050	36507	4050	17504	2460	10177
1060	36541	3867	17567	2320	10017
1070	36432	3836	18198	2240	10149
1080	36511	3860	19915	2210	10756
1090	36702	3807	22047	2150	11864
1100	36998	3923	26346	2270	13969
1110	36964	3904	29935	2240	14855
1120	36774	3981	32435	2210	15850
1130	36964	3996	33996	2280	17643
1140	37065	3894	34918	2200	18022
1150	37321	3941	36973	2240	19544
1160	37365	3949	38928	2220	20120
1170	37383	3984	40677	2200	21014
1180	37445	3991	41996	2210	22033
1190	37610	3897	42170	2200	22704
1200	37815	3837	42521	2120	22316
1210	37838	3815	42874	2100	22824
1220	37985	3824	44556	2040	23216
1230	38120	3807	45556	1990	23769
1240	38285	3701	45875	1900	23497
1250	38308	3652	46272	1810	23167
1260	38347	3618	46951	1780	23584
1270	38582	3546	47824	1740	24364
1280	38736	3480	47959	1680	24033
1290	38994	3412	49150	1590	23969
1300	39078	3310	48673	1480	22999
1310	39086	3267	49600	1410	22871
1320	39222	3159	49316	1350	22491
1330	36541	2845	45440	901	27546
1340	36953	1530	22039	684	22182
1350	4342	566	12944	427	13868


STP1POSLIST

650	20259
651	20231
652	20203
653	20176
654	20148
655	20120
656	20092
657	20065
658	20038
659	20012
660	19986
661	19962
662	19942
663	19922
664	19896
665	19870
666	19844
667	19815
668	19766
669	19731
670	19699
671	19670
672	19644
673	19617
674	19583
675	19554
676	19528
677	19506
678	19486
679	19464
680	19432
681	19403
682	19376
683	19349
684	19323
685	19292
686	19261
687	19229
688	19197
689	19165
690	19140
691	19113
692	19080
693	19049
694	19020
695	18992
696	18964
697	18937
698	18909
699	18881
700	18851
701	18820
702	18789
703	18757
704	18723
705	18685
706	18652
707	18623
708	18592
709	18562
710	18536
711	18509
712	18481
713	18452
714	18423
715	18394
716	18364
717	18335
718	18306
719	18278
720	18200
721	18170
722	18141
723	18111
724	18082
725	18052
726	18026
727	18000
728	17973
729	17947
730	17919
731	17891
732	17863
733	17835
734	17805
735	17773
736	17740
737	17709
738	17679
739	17650
740	17628
741	17600
742	17573
743	17546
744	17520
745	17493
746	17465
747	17437
748	17408
749	17380
750	17350
751	17320
752	17291
753	17261
754	17230
755	17197
756	17168
757	17140
758	17111
759	17082
760	17056
761	17027
762	16997
763	16972
764	16945
765	16917
766	16890
767	16863
768	16836
769	16812
770	16784
771	16753
772	16723
773	16693
774	16662
775	16632
776	16605
777	16578
778	16551
779	16525
780	16500
781	16475
782	16452
783	16427
784	16400
785	16376
786	16352
787	16329
788	16305
789	16282
790	16257
791	16232
792	16205
793	16180
794	16154
795	16128
796	16103
797	16080
798	16053
799	16027
800	16002
801	15974
802	15947
803	15922
804	15892
805	15864
806	15836
807	15806
808	15775
809	15745
810	15717
811	15689
812	15662
813	15635
814	15613
815	15591
816	15570
817	15549
818	15528
819	15508
820	15489
821	15468
822	15446
823	15425
824	15404
825	15381
826	15358
827	15338
828	15317
829	15294
830	15270
831	15247
832	15223
833	15200
834	15176
835	15152
836	15129
837	15106
838	15084
839	15061
840	15037
841	15014
842	14990
843	14967
844	14943
845	14920
846	14893
847	14867
848	14842
849	14812
850	14780
851	14749
852	14722
853	14694
854	14668
855	14646
856	14624
857	14602
858	14582
859	14562
860	14544
861	14526
862	14508
863	14489
864	14470
865	14450
866	14430
867	14411
868	14392
869	14372
870	14352
871	14333
872	14313
873	14292
874	14270
875	14247
876	14225
877	14204
878	14182
879	14160
880	14136
881	14114
882	14094
883	14072
884	14049
885	14025
886	14002
887	13978
888	13954
889	13928
890	13904
891	13882
892	13857
893	13832
894	13808
895	13785
896	13762
897	13741
898	13720
899	13698
900	13678
901	13660
902	13641
903	13625
904	13608
905	13590
906	13570
907	13551
908	13533
909	13516
910	13498
911	13480
912	13462
913	13445
914	13426
915	13407
916	13388
917	13369
918	13350
919	13330
920	13308
921	13286
922	13265
923	13244
924	13221
925	13197
926	13172
927	13147
928	13122
929	13098
930	13076
931	13057
932	13038
933	13021
934	13004
935	12987
936	12969
937	12951
938	12933
939	12917
940	12903
941	12889
942	12875
943	12858
944	12841
945	12825
946	12808
947	12790
948	12772
949	12753
950	12731
951	12711
952	12693
953	12674
954	12654
955	12634
956	12617
957	12600
958	12582
959	12565
960	12548
961	12530
962	12512
963	12494
964	12476
965	12457
966	12437
967	12415
968	12395
969	12378
970	12361
971	12338
972	12316
973	12297
974	12278
975	12259
976	12240
977	12224
978	12208
979	12192
980	12176
981	12160
982	12142
983	12125
984	12108
985	12091
986	12075
987	12058
988	12041
989	12024
990	12006
991	11990
992	11975
993	11960
994	11943
995	11926
996	11910
997	11893
998	11876
999	11859
1000	11841
1001	11825
1002	11808
1003	11789
1004	11768
1005	11748
1006	11729
1007	11710
1008	11691
1009	11672
1010	11653
1011	11635
1012	11619
1013	11603
1014	11590
1015	11577
1016	11565
1017	11554
1018	11545
1019	11535
1020	11526
1021	11516
1022	11503
1023	11491
1024	11477
1025	11455
1026	11435
1027	11418
1028	11401
1029	11385
1030	11369
1031	11354
1032	11341
1033	11328
1034	11308
1035	11280
1036	11263
1037	11246
1038	11230
1039	11213
1040	11196
1041	11180
1042	11164
1043	11145
1044	11124
1045	11103
1046	11082
1047	11070
1048	11062
1049	11053
1050	11044
1051	11025
1052	10998
1053	10980
1054	10963
1055	10940
1056	10916
1057	10899
1058	10881
1059	10867
1060	10853
1061	10840
1062	10828
1063	10817
1064	10805
1065	10795
1066	10785
1067	10776
1068	10766
1069	10755
1070	10741
1071	10727
1072	10713
1073	10699
1074	10685
1075	10670
1076	10653
1077	10636
1078	10620
1079	10604
1080	10590
1081	10575
1082	10561
1083	10547
1084	10533
1085	10520
1086	10504
1087	10489
1088	10474
1089	10460
1090	10445
1091	10430
1092	10413
1093	10396
1094	10377
1095	10357
1096	10335
1097	10313
1098	10292
1099	10272
1100	10252
1101	10230
1102	10205
1103	10188
1104	10173
1105	10158
1106	10141
1107	10125
1108	10112
1109	10102
1110	10091
1111	10081
1112	10071
1113	10063
1114	10054
1115	10046
1116	10036
1117	10025
1118	10014
1119	10003
1120	9992
1121	9980
1122	9969
1123	9957
1124	9942
1125	9928
1126	9914
1127	9900
1128	9885
1129	9870
1130	9854
1131	9838
1132	9825
1133	9812
1134	9800
1135	9785
1136	9771
1137	9756
1138	9739
1139	9721
1140	9704
1141	9686
1142	9665
1143	9642
1144	9624
1145	9606
1146	9589
1147	9572
1148	9555
1149	9539
1150	9523
1151	9510
1152	9498
1153	9486
1154	9473
1155	9461
1156	9448
1157	9436
1158	9426
1159	9415
1160	9405
1161	9392
1162	9377
1163	9362
1164	9351
1165	9340
1166	9329
1167	9318
1168	9305
1169	9292
1170	9280
1171	9267
1172	9255
1173	9243
1174	9226
1175	9207
1176	9192
1177	9180
1178	9168
1179	9155
1180	9139
1181	9123
1182	9110
1183	9098
1184	9086
1185	9072
1186	9056
1187	9040
1188	9024
1189	9008
1190	8994
1191	8982
1192	8970
1193	8958
1194	8945
1195	8932
1196	8920
1197	8906
1198	8892
1199	8878
1200	8867
1201	8855
1202	8843
1203	8831
1204	8819
1205	8807
1206	8793
1207	8779
1208	8765
1209	8752
1210	8740
1211	8727
1212	8713
1213	8698
1214	8683
1215	8668
1216	8652
1217	8637
1218	8626
1219	8614
1220	8603
1221	8591
1222	8579
1223	8568
1224	8554
1225	8539
1226	8524
1227	8509
1228	8493
1229	8478
1230	8466
1231	8454
1232	8442
1233	8424
1234	8404
1235	8386
1236	8368
1237	8351
1238	8335
1239	8318
1240	8308
1241	8297
1242	8286
1243	8275
1244	8264
1245	8254
1246	8243
1247	8232
1248	8221
1249	8210
1250	8200
1251	8190
1252	8180
1253	8170
1254	8160
1255	8150
1256	8140
1257	8130
1258	8120
1259	8109
1260	8098
1261	8088
1262	8077
1263	8062
1264	8048
1265	8035
1266	8024
1267	8012
1268	8001
1269	7988
1270	7976
1271	7963
1272	7948
1273	7932
1274	7917
1275	7907
1276	7897
1277	7887
1278	7875
1279	7861
1280	7847
1281	7832
1282	7816
1283	7801
1284	7785
1285	7769
1286	7751
1287	7728
1288	7710
1289	7695
1290	7680
1291	7664
1292	7648
1293	7633
1294	7619
1295	7605
1296	7592
1297	7578
1298	7565
1299	7555
1300	7547
1301	7539
1302	7531
1303	7523
1304	7515
1305	7506
1306	7497
1307	7488
1308	7480
1309	7470
1310	7460
1311	7451
1312	7441
1313	7432
1314	7422
1315	7412
1316	7402
1317	7389
1318	7376
1319	7363
1320	7351
1321	7272
1322	7259
1323	7246
1324	7232
1325	7218
1326	7203
1327	7188
1328	7173
1329	7157
1330	7141
1331	7125
1332	7107
1333	7089
1334	7070
1335	7044
1336	7018
1337	6998
1338	6978
1339	6958
1340	6937
1341	6916
1342	6895
1343	6874
1344	6853
1345	6832
1346	6812
1347	6791
1348	6770
1349	6749
1350	6728


GDDCTRL:VIEWCAL

0	660	0	74506	4320	3220
1	680	0	64246	3990	2960
2	700	0	50746	3660	2740
3	720	0	37151	3380	2560
4	770	0	25439	2770	2120
5	800	0	24829	2560	1880
6	840	0	18528	2230	1660
7	875	0	11371	1740	1380
8	900	0	9665	1620	1260
9	940	0	12045	1560	1060
10	950	0	13197	1520	1000
11	980	0	3563	1100	940
12	1000	0	8599	1180	860
13	1035	0	13199	1300	740
14	1050	0	8832	1120	740
15	1075	0	3076	820	680
16	1100	0	6445	880	600
17	1120	0	10826	1100	540
18	1170	0	4480	650	400
19	1200	0	10733	980	360
20	1210	0	13019	1160	360
21	1260	0	6529	660	210
22	1300	0	12702	1080	120
23	1320	0	15947	1150	80
24	0	0	0	0	0
25	0	0	0	0	0
26	0	0	0	0	0
27	0	0	0	0	0
28	0	0	0	0	0
29	0	0	0	0	0
30	0	0	0	0	0
31	0	0	0	0	0
32	0	0	0	0	0
33	0	0	0	0	0
34	0	0	0	0	0
35	0	0	0	0	0
36	0	0	0	0	0
37	0	0	0	0	0
38	0	0	0	0	0
39	0	0	0	0	0
40	0	0	0	0	0
41	0	0	0	0	0
42	0	0	0	0	0
43	0	0	0	0	0
44	0	0	0	0	0
45	0	0	0	0	0
46	0	0	0	0	0
47	0	0	0	0	0
48	0	0	0	0	0


[Tunable RF Power vs Wavelength vs Transmission]

0	660	680	700	750	800	850	900	950	1000	1050	1100	1150	1200	1250	1300	1320
0	0	0	0	0	0	0	0	0	0	0	0	0	0	0	0	0
5	0.683	0.336	0.428	0.481	0.544	0.506	0.484	0.406	0.378	0.322	0.261	0.25	0.204	0.176	0.068	0
10	1.802	1.835	1.769	1.774	1.748	1.694	1.469	1.315	1.186	1.068	0.889	0.802	0.689	0.59	0.384	0.359
15	7.683	6.28	5.956	5.687	5.602	5.31	4.688	4.197	3.799	3.371	2.966	2.642	2.39	2.108	1.858	1.767
17.5	12.987	11.035	10.417	9.956	9.756	9.247	8.166	7.286	6.616	5.925	5.301	4.703	4.22	3.764	3.386	3.189
20	21.331	19.069	18.041	17.19	16.885	16.052	14.177	12.716	11.585	10.442	9.337	8.302	7.455	6.751	6.095	5.795
21	25.675	23.466	22.08	21.149	20.752	19.708	17.499	15.706	14.269	12.892	11.564	10.339	9.245	8.372	7.617	7.3
22	32.065	28.988	27.502	26.329	25.805	24.611	21.899	19.718	17.924	16.316	14.521	13.044	11.704	10.57	9.623	9.248
23	39.023	35.815	33.876	32.474	31.923	30.351	27.207	24.586	22.39	20.37	18.262	16.406	14.72	13.379	12.156	11.731
24	47.022	43.14	40.916	38.802	38.714	36.938	33.127	30.065	27.394	25.028	22.49	20.236	18.279	16.595	15.136	14.62
25	56.408	51.974	49.514	47.703	46.982	44.964	40.515	37.039	33.816	31.05	27.999	25.266	22.709	20.819	19.074	18.385
26	66.684	62.162	59.49	57.173	56.565	54.322	49.343	45.188	41.533	38.235	34.691	31.481	28.335	26.026	23.886	23.083
26.5	71.518	67.086	63.985	62.169	61.304	58.868	53.749	49.386	45.467	41.929	38.162	34.542	31.316	28.722	26.436	25.632
27	76.876	72.502	69.399	67.646	66.723	64.152	58.927	54.336	50.194	46.524	42.304	38.55	34.971	32.148	29.675	28.703
27.5	82.793	77.583	74.668	72.695	71.781	69.313	63.821	59.203	54.93	50.875	46.634	42.364	38.559	35.523	32.864	31.91
28	86.162	82.494	79.714	77.827	76.91	74.459	68.84	64.166	59.582	55.487	50.847	46.583	42.438	39.37	36.382	35.267
28.5	90.807	86.991	84.554	82.689	82.018	79.305	73.919	68.993	64.553	60.133	55.407	50.908	46.423	43.088	40.102	39.051
29	97.954	92.065	89.637	87.86	87.425	84.84	79.747	74.926	70.717	66.265	61.36	56.491	51.682	48.21	44.947	43.676
29.5	99.257	95.289	93.37	92.018	91.494	89.255	84.449	79.965	75.643	71.192	66.225	61.114	56.242	52.622	49.291	47.905
30	99.48	98.063	96.548	95.628	95.212	93.16	88.922	84.685	80.718	76.412	71.361	66.341	61.227	57.38	54.139	52.664
30.5	99.835	99.735	98.988	98.364	97.944	96.379	93.061	89.18	85.375	81.344	76.479	71.317	66.406	62.453	58.996	57.578
31	100	100	100	99.808	99.761	98.883	96.569	93.581	90.392	86.399	82.137	77.109	71.856	68.016	64.744	63.139
31.5	97.067	98.927	99.786	100	100	100	98.779	96.739	94.015	90.971	86.867	81.905	77.246	73.212	70.36	68.769
32	91.342	95.643	97.551	98.2	98.878	99.815	100	98.991	97.181	94.868	91.432	87.201	82.535	78.856	76.498	74.526
32.5	83.244	89.305	92.691	94.267	95.343	97.872	99.661	100	99.591	97.971	95.9	92.36	88.365	85.317	82.667	81.171
32.8	75.952	84.733	88.763	90.938	92.411	95.944	98.869	99.853	100	99.164	97.231	94.352	90.801	87.964	86.2	85.022
33	74.225	80.833	85.496	88.131	89.925	94.615	97.766	99.46	99.821	99.632	98.513	95.695	92.79	90.578	88.536	87.357
33.3	66.744	74.881	80.259	83.539	85.82	91.628	95.935	98.147	99.439	100	99.498	97.477	95.286	93.494	92.031	91.162
33.5	61.464	70.533	76.371	80.127	82.903	89.672	94.388	97.323	98.804	99.92	99.817	98.5	96.834	95.26	93.982	93.635
33.8	52.175	63.745	70.405	75.005	78.49	86.623	91.904	95.462	97.68	99.457	100	99.435	98.648	97.78	96.802	96.559
34	48.273	57.996	65.376	70.622	74.395	83.733	89.845	93.749	96.451	98.727	99.937	99.819	99.633	99.214	98.665	98.968
34.1	44.065	55.772	62.861	68.811	72.468	82.685	88.812	92.978	95.886	98.549	99.793	100	100	100	100	100


[Tunable Wavelength vs RF Frequency]

650	148.89
651	148.689
652	148.489
653	148.289
654	148.09
655	147.891
656	147.692
657	147.494
658	147.296
659	147.098
660	149
661	149
662	149
663	148.993
664	148.257
665	147.521
666	147.527
667	147.533
668	147.539
669	147.545
670	147.551
671	147.299
672	147.047
673	146.794
674	146.542
675	146.29
676	146.042
677	145.793
678	145.545
679	145.296
680	145.048
681	144.767
682	144.486
683	144.205
684	143.924
685	143.643
686	143.424
687	143.205
688	142.986
689	142.767
690	142.548
691	142.321
692	142.095
693	141.868
694	141.642
695	141.415
696	141.21
697	141.006
698	140.801
699	140.597
700	140.392
701	140.18
702	139.967
703	139.755
704	139.542
705	139.33
706	139.14
707	138.949
708	138.759
709	138.568
710	138.378
711	138.2
712	138.022
713	137.843
714	137.665
715	137.487
716	137.271
717	137.055
718	136.838
719	136.622
720	136.406
721	136.232
722	136.058
723	135.883
724	135.709
725	135.535
726	135.343
727	135.151
728	134.959
729	134.767
730	134.575
731	134.385
732	134.195
733	134.004
734	133.814
735	133.624
736	133.446
737	133.268
738	133.09
739	132.912
740	132.734
741	132.538
742	132.342
743	132.145
744	131.949
745	131.753
746	131.569
747	131.385
748	131.2
749	131.016
750	130.832
751	130.65
752	130.468
753	130.285
754	130.103
755	129.921
756	129.751
757	129.581
758	129.41
759	129.24
760	129.07
761	128.912
762	128.753
763	128.595
764	128.436
765	128.278
766	128.121
767	127.965
768	127.808
769	127.652
770	127.495
771	127.31
772	127.126
773	126.941
774	126.757
775	126.572
776	126.409
777	126.246
778	126.084
779	125.921
780	125.758
781	125.587
782	125.416
783	125.245
784	125.074
785	124.903
786	124.764
787	124.625
788	124.486
789	124.347
790	124.208
791	124.041
792	123.873
793	123.706
794	123.538
795	123.371
796	123.206
797	123.04
798	122.875
799	122.709
800	122.544
801	122.38
802	122.216
803	122.053
804	121.889
805	121.725
806	121.583
807	121.441
808	121.299
809	121.157
810	121.015
811	120.855
812	120.694
813	120.534
814	120.373
815	120.213
816	120.085
817	119.956
818	119.828
819	119.699
820	119.571
821	119.434
822	119.297
823	119.16
824	119.023
825	118.886
826	118.751
827	118.616
828	118.481
829	118.346
830	118.211
831	118.057
832	117.904
833	117.75
834	117.597
835	117.443
836	117.281
837	117.119
838	116.958
839	116.796
840	116.634
841	116.494
842	116.354
843	116.213
844	116.073
845	115.933
846	115.774
847	115.616
848	115.457
849	115.299
850	115.14
851	115.003
852	114.866
853	114.729
854	114.592
855	114.455
856	114.319
857	114.184
858	114.048
859	113.913
860	113.777
861	113.653
862	113.529
863	113.406
864	113.282
865	113.158
866	113.036
867	112.913
868	112.791
869	112.668
870	112.546
871	112.445
872	112.344
873	112.244
874	112.143
875	112.042
876	111.933
877	111.824
878	111.714
879	111.605
880	111.496
881	111.358
882	111.22
883	111.083
884	110.945
885	110.807
886	110.691
887	110.574
888	110.458
889	110.341
890	110.225
891	110.09
892	109.955
893	109.821
894	109.686
895	109.551
896	109.438
897	109.324
898	109.211
899	109.097
900	108.984
901	108.872
902	108.76
903	108.648
904	108.536
905	108.424
906	108.293
907	108.162
908	108.032
909	107.901
910	107.77
911	107.641
912	107.512
913	107.382
914	107.253
915	107.124
916	107.016
917	106.908
918	106.801
919	106.693
920	106.585
921	106.479
922	106.372
923	106.266
924	106.159
925	106.053
926	105.918
927	105.783
928	105.647
929	105.512
930	105.377
931	105.243
932	105.109
933	104.976
934	104.842
935	104.708
936	104.605
937	104.503
938	104.4
939	104.298
940	104.195
941	104.094
942	103.993
943	103.891
944	103.79
945	103.689
946	103.569
947	103.449
948	103.329
949	103.209
950	103.089
951	102.98
952	102.871
953	102.763
954	102.654
955	102.545
956	102.448
957	102.35
958	102.253
959	102.155
960	102.058
961	101.962
962	101.865
963	101.769
964	101.672
965	101.576
966	101.481
967	101.386
968	101.291
969	101.196
970	101.101
971	100.997
972	100.893
973	100.789
974	100.685
975	100.581
976	100.468
977	100.356
978	100.243
979	100.131
980	100.018
981	99.936
982	99.855
983	99.773
984	99.692
985	99.61
986	99.519
987	99.429
988	99.338
989	99.248
990	99.157
991	99.048
992	98.939
993	98.829
994	98.72
995	98.611
996	98.503
997	98.394
998	98.286
999	98.177
1000	98.069
1001	97.972
1002	97.875
1003	97.777
1004	97.68
1005	97.583
1006	97.477
1007	97.371
1008	97.265
1009	97.159
1010	97.053
1011	96.928
1012	96.803
1013	96.677
1014	96.552
1015	96.427
1016	96.343
1017	96.259
1018	96.175
1019	96.091
1020	96.007
1021	95.914
1022	95.821
1023	95.728
1024	95.635
1025	95.542
1026	95.46
1027	95.378
1028	95.295
1029	95.213
1030	95.131
1031	95.05
1032	94.969
1033	94.888
1034	94.807
1035	94.726
1036	94.616
1037	94.506
1038	94.395
1039	94.285
1040	94.175
1041	94.086
1042	93.997
1043	93.907
1044	93.818
1045	93.729
1046	93.631
1047	93.533
1048	93.434
1049	93.336
1050	93.238
1051	93.151
1052	93.063
1053	92.976
1054	92.888
1055	92.801
1056	92.714
1057	92.628
1058	92.541
1059	92.455
1060	92.368
1061	92.292
1062	92.217
1063	92.141
1064	92.066
1065	91.99
1066	91.935
1067	91.88
1068	91.826
1069	91.771
1070	91.716
1071	91.652
1072	91.588
1073	91.525
1074	91.461
1075	91.397
1076	91.314
1077	91.231
1078	91.147
1079	91.064
1080	90.981
1081	90.899
1082	90.816
1083	90.734
1084	90.651
1085	90.569
1086	90.478
1087	90.386
1088	90.295
1089	90.203
1090	90.112
1091	90.031
1092	89.95
1093	89.87
1094	89.789
1095	89.708
1096	89.588
1097	89.468
1098	89.348
1099	89.228
1100	89.108
1101	89.009
1102	88.909
1103	88.81
1104	88.71
1105	88.611
1106	88.532
1107	88.454
1108	88.375
1109	88.297
1110	88.218
1111	88.18
1112	88.142
1113	88.105
1114	88.067
1115	88.029
1116	87.942
1117	87.855
1118	87.767
1119	87.68
1120	87.593
1121	87.546
1122	87.5
1123	87.453
1124	87.407
1125	87.36
1126	87.274
1127	87.188
1128	87.103
1129	87.017
1130	86.931
1131	86.866
1132	86.8
1133	86.735
1134	86.669
1135	86.604
1136	86.509
1137	86.415
1138	86.32
1139	86.226
1140	86.131
1141	86.037
1142	85.943
1143	85.848
1144	85.754
1145	85.66
1146	85.587
1147	85.513
1148	85.44
1149	85.366
1150	85.293
1151	85.21
1152	85.127
1153	85.044
1154	84.961
1155	84.878
1156	84.816
1157	84.753
1158	84.691
1159	84.628
1160	84.566
1161	84.504
1162	84.442
1163	84.381
1164	84.319
1165	84.257
1166	84.206
1167	84.154
1168	84.103
1169	84.051
1170	84
1171	83.929
1172	83.858
1173	83.787
1174	83.716
1175	83.645
1176	83.575
1177	83.504
1178	83.434
1179	83.363
1180	83.293
1181	83.213
1182	83.133
1183	83.053
1184	82.973
1185	82.893
1186	82.834
1187	82.774
1188	82.715
1189	82.655
1190	82.596
1191	82.507
1192	82.418
1193	82.328
1194	82.239
1195	82.15
1196	82.071
1197	81.993
1198	81.914
1199	81.836
1200	81.757
1201	81.699
1202	81.64
1203	81.582
1204	81.523
1205	81.465
1206	81.417
1207	81.369
1208	81.321
1209	81.273
1210	81.225
1211	81.167
1212	81.11
1213	81.052
1214	80.995
1215	80.937
1216	80.86
1217	80.783
1218	80.705
1219	80.628
1220	80.551
1221	80.464
1222	80.377
1223	80.29
1224	80.203
1225	80.116
1226	80.079
1227	80.042
1228	80.006
1229	79.969
1230	79.932
1231	79.836
1232	79.739
1233	79.643
1234	79.546
1235	79.45
1236	79.374
1237	79.298
1238	79.222
1239	79.146
1240	79.07
1241	79.014
1242	78.958
1243	78.902
1244	78.846
1245	78.79
1246	78.734
1247	78.679
1248	78.623
1249	78.568
1250	78.512
1251	78.477
1252	78.441
1253	78.406
1254	78.37
1255	78.335
1256	78.28
1257	78.225
1258	78.169
1259	78.114
1260	78.059
1261	78.004
1262	77.949
1263	77.893
1264	77.838
1265	77.783
1266	77.728
1267	77.673
1268	77.619
1269	77.564
1270	77.509
1271	77.454
1272	77.399
1273	77.345
1274	77.29
1275	77.235
1276	77.15
1277	77.065
1278	76.981
1279	76.896
1280	76.811
1281	76.737
1282	76.662
1283	76.588
1284	76.513
1285	76.439
1286	76.374
1287	76.31
1288	76.245
1289	76.181
1290	76.116
1291	76.052
1292	75.987
1293	75.923
1294	75.858
1295	75.794
1296	75.73
1297	75.666
1298	75.601
1299	75.537
1300	75.473
1301	75.453
1302	75.433
1303	75.413
1304	75.393
1305	75.373
1306	75.317
1307	75.261
1308	75.206
1309	75.15
1310	75.094
1311	75.058
1312	75.023
1313	74.987
1314	74.952
1315	74.916
1316	74.871
1317	74.826
1318	74.78
1319	74.735
1320	74.69
1321	75.785
1322	75.73
1323	75.675
1324	75.62
1325	75.565
1326	75.51
1327	75.455
1328	75.4
1329	75.346
1330	75.291
1331	75.236
1332	75.182
1333	75.127
1334	75.073
1335	75.018
1336	74.964
1337	74.909
1338	74.855
1339	74.801
1340	74.746
1341	74.692
1342	74.638
1343	74.584
1344	74.529
1345	74.475
1346	74.421
1347	74.367
1348	74.313
1349	74.259
1350	74.205


[Fixed RF Power vs Transmission]

0	0
5	0
10	0
15	2.67
17.5	4.922
20	9.648
21	11.988
22	15.495
23	19.35
24	23.952
25	30.175
26	37.711
26.5	41.367
27	46.114
27.5	50.343
28	55.953
28.5	60.073
29	65.618
29.5	71.149
30	76.224
30.5	81.434
31	86.396
31.5	91.202
32	94.609
32.5	98.086
32.8	98.879
33	100
33.3	99.556
33.5	99.446
33.8	98.424
34	96.986
34.1	96.702
